1332,1256,2000
1335,1252,2000
1337,1247,2000
1339,1242,2000
1345,1241,2000
1347,1236,2000
1353,1235,2000
1359,1233,2000
1364,1234,2000
1366,1230,2000
1371,1229,2000
1380,1234,2000
1386,1233,2000
1390,1234,2000
1396,1234,2000
1405,1239,2000
1409,1241,2000
1418,1246,2000
1424,1246,2000
1433,1252,2000
1441,1260,2000
1446,1262,2000
1454,1268,2000
1463,1274,2000
1472,1282,2000
1481,1288,2000
1489,1296,2000
1497,1304,2000
1505,1312,2000
1511,1315,2000
1518,1324,2000
1526,1332,2000
1534,1340,2000
1542,1348,2000
1549,1357,2000
1558,1365,2000
1564,1374,2000
1571,1383,2000
1574,1388,2000
1582,1396,2000
1588,1405,2000
1589,1411,2000
1595,1420,2000
1597,1425,2000
1603,1434,2000
1603,1440,2000
1605,1444,2000
1605,1450,2000
1611,1459,2000
1610,1465,2000
1606,1467,2000
1608,1472,2000
1607,1478,2000
1607,1484,2000
1602,1486,2000
1602,1492,2000
1597,1495,2000
1593,1498,2000
1588,1500,2000
1586,1502,2000
1582,1504,2000
1577,1507,2000
1573,1510,2000
1568,1513,2000
1560,1513,2000
1556,1516,2000
1548,1516,2000
1540,1516,2000
1534,1515,2000
1530,1518,2000
1522,1519,2000
1513,1514,2000
1506,1515,2000
1500,1513,2000
1492,1514,2000
1484,1510,2000
1478,1509,2000
1470,1504,2000
1462,1505,2000
1454,1501,2000
1448,1495,2000
1442,1494,2000
1434,1491,2000
1425,1487,2000
1419,1481,2000
1410,1477,2000
1404,1471,2000
1398,1465,2000
1392,1459,2000
1386,1454,2000
1383,1451,2000
1376,1445,2000
1370,1439,2000
1364,1433,2000
1360,1425,2000
1353,1420,2000
1349,1411,2000
1345,1403,2000
1344,1398,2000
1337,1392,2000
1333,1384,2000
1333,1376,2000
1329,1368,2000
1327,1363,2000
1323,1355,2000
1323,1347,2000
1322,1341,2000
1322,1333,2000
1317,1325,2000
1317,1317,2000
1320,1312,2000
1318,1307,2000
1318,1299,2000
1318,1291,2000
1321,1286,2000
1320,1278,2000
1323,1273,2000
1326,1269,2000
1328,1264,2000
1327,1256,2000
1332,1256,2000
1335,1252,2000
1337,1247,2000
1339,1242,2000
1345,1241,2000
