1856,1764,2000
1847,1750,2000
1838,1735,2000
1828,1721,2000
1818,1706,2000
1808,1692,2000
1797,1678,2000
1787,1663,2000
1775,1649,2000
1764,1635,2000
1752,1620,2000
1741,1606,2000
1728,1592,2000
1716,1577,2000
1703,1563,2000
1691,1549,2000
1678,1534,2000
1664,1520,2000
1651,1506,2000
1637,1491,2000
1624,1477,2000
1610,1462,2000
1596,1448,2000
1582,1434,2000
1567,1419,2000
1553,1405,2000
1539,1391,2000
1524,1377,2000
1510,1363,2000
1495,1349,2000
1481,1335,2000
1466,1321,2000
1451,1307,2000
1437,1293,2000
1422,1280,2000
1407,1266,2000
1392,1253,2000
1378,1240,2000
1363,1227,2000
1348,1214,2000
1333,1202,2000
1319,1189,2000
1304,1177,2000
1289,1165,2000
1275,1153,2000
1260,1142,2000
1245,1131,2000
1231,1120,2000
1216,1109,2000
