1708,1892,2000
1706,1887,2000
1705,1882,2000
1703,1877,2000
1701,1871,2000
1699,1866,2000
1697,1861,2000
1696,1856,2000
1694,1851,2000
1692,1846,2000
1690,1841,2000
1688,1836,2000
1686,1831,2000
1684,1826,2000
1681,1822,2000
1679,1817,2000
1677,1812,2000
1675,1807,2000
1673,1802,2000
1671,1798,2000
1668,1793,2000
1666,1788,2000
1664,1784,2000
1662,1779,2000
1659,1774,2000
1657,1770,2000
1654,1765,2000
1652,1761,2000
1649,1756,2000
1647,1752,2000
1645,1747,2000
1642,1743,2000
1639,1738,2000
1637,1734,2000
1634,1729,2000
1632,1725,2000
1629,1720,2000
1626,1716,2000
1624,1712,2000
1621,1707,2000
1618,1703,2000
1615,1698,2000
1613,1694,2000
1610,1690,2000
1607,1685,2000
1604,1681,2000
1601,1677,2000
1598,1673,2000
1595,1668,2000
1593,1664,2000
1596,1662,2000
1600,1659,2000
1604,1657,2000
1607,1655,2000
1611,1653,2000
1614,1651,2000
1618,1649,2000
1621,1647,2000
1625,1645,2000
1629,1643,2000
1632,1641,2000
1636,1639,2000
1639,1637,2000
1643,1635,2000
1646,1633,2000
1649,1632,2000
1653,1630,2000
1656,1628,2000
1660,1627,2000
1663,1625,2000
1667,1624,2000
1670,1622,2000
1673,1620,2000
1677,1619,2000
1680,1618,2000
1683,1616,2000
1687,1615,2000
1690,1614,2000
1693,1612,2000
1697,1611,2000
1700,1610,2000
1703,1609,2000
1707,1607,2000
1710,1606,2000
1713,1605,2000
1716,1604,2000
1720,1603,2000
1723,1602,2000
1726,1601,2000
1729,1600,2000
1733,1599,2000
1736,1599,2000
1739,1598,2000
1742,1597,2000
1745,1596,2000
1749,1596,2000
1752,1595,2000
1755,1594,2000
1758,1594,2000
1762,1593,2000
1766,1598,2000
1770,1602,2000
1774,1607,2000
1778,1612,2000
1782,1616,2000
1786,1621,2000
1789,1626,2000
1793,1630,2000
1797,1635,2000
1801,1639,2000
1805,1644,2000
1809,1649,2000
1812,1653,2000
1816,1658,2000
1820,1663,2000
1823,1667,2000
1827,1672,2000
1830,1676,2000
1834,1681,2000
1837,1686,2000
1841,1690,2000
1844,1695,2000
1848,1699,2000
1851,1704,2000
1854,1709,2000
1858,1713,2000
1861,1718,2000
1864,1722,2000
1867,1727,2000
1870,1732,2000
1874,1736,2000
1877,1741,2000
1880,1745,2000
1883,1750,2000
1886,1754,2000
1889,1759,2000
1891,1764,2000
1894,1768,2000
1897,1773,2000
1900,1777,2000
1903,1782,2000
1905,1787,2000
1908,1791,2000
1911,1796,2000
1913,1801,2000
1916,1805,2000
1918,1810,2000
1921,1814,2000
1923,1819,2000
1926,1824,2000
1921,1824,2000
1917,1825,2000
1913,1825,2000
1909,1825,2000
1904,1826,2000
1900,1827,2000
1896,1827,2000
1892,1828,2000
1888,1828,2000
1883,1829,2000
1879,1830,2000
1875,1831,2000
1871,1831,2000
1867,1832,2000
1862,1833,2000
1858,1834,2000
1854,1835,2000
1850,1836,2000
1846,1837,2000
1841,1838,2000
1837,1839,2000
1833,1841,2000
1829,1842,2000
1825,1843,2000
1820,1844,2000
1816,1846,2000
1812,1847,2000
1808,1849,2000
1804,1850,2000
1799,1852,2000
1795,1853,2000
1791,1855,2000
1787,1857,2000
1783,1859,2000
1778,1860,2000
1774,1862,2000
1770,1864,2000
1766,1866,2000
1761,1868,2000
1757,1870,2000
1753,1873,2000
1748,1875,2000
1744,1877,2000
1740,1879,2000
1735,1882,2000
1731,1884,2000
1727,1887,2000
1722,1890,2000
1718,1892,2000
