1821,1680,2000
1830,1689,2000
1834,1692,2000
1839,1696,2000
1856,1704,2000
1874,1713,2000
1877,1707,2000
1879,1701,2000
1870,1692,2000
1861,1682,2000
1855,1675,2000
1849,1667,2000
1856,1663,2000
1864,1659,2000
1881,1667,2000
1899,1675,2000
1905,1683,2000
1912,1691,2000
1915,1700,2000
1917,1709,2000
1917,1709,2000
1917,1709,1750
1853,1675,1750
1792,1644,2000
1799,1643,2000
1806,1642,2000
1811,1642,2000
1815,1641,2000
1830,1640,2000
1844,1640,2000
1853,1638,2000
1861,1636,2000
1839,1636,2000
1818,1637,2000
1804,1626,2000
1790,1615,2000
1776,1606,2000
1762,1597,2000
1759,1596,2000
1756,1594,2000
1782,1609,2000
1808,1625,2000
1804,1611,2000
1800,1597,2000
1793,1587,2000
1785,1577,2000
1790,1575,2000
1796,1573,2000
1793,1569,2000
1791,1565,1750
1753,1564,1750
1714,1567,2000
1712,1556,2000
1710,1545,2000
1705,1534,2000
1701,1523,2000
1698,1517,2000
1694,1510,2000
1683,1504,2000
1673,1497,2000
1667,1494,2000
1661,1491,2000
1649,1485,2000
1636,1480,2000
1636,1480,2000
1636,1480,2000
1667,1494,2000
1698,1509,2000
1700,1504,2000
1701,1499,2000
1708,1500,2000
1716,1501,2000
1720,1500,2000
1724,1500,2000
1722,1495,2000
1721,1491,2000
1724,1493,2000
1727,1495,1750
1698,1468,1750
1669,1440,2000
1664,1439,2000
1658,1438,2000
1656,1438,2000
1654,1439,2000
1646,1439,2000
1638,1440,2000
1635,1441,2000
1633,1442,2000
1626,1445,2000
1620,1448,2000
1614,1449,2000
1607,1449,2000
1606,1444,2000
1605,1439,2000
1605,1430,2000
1604,1421,2000
1605,1414,2000
1607,1407,2000
1603,1396,2000
1599,1385,2000
1592,1375,2000
1586,1365,2000
1581,1369,2000
1576,1372,2000
1572,1375,2000
1568,1378,2000
1567,1379,2000
1566,1381,2000
1562,1383,2000
1558,1386,2000
1551,1386,2000
1543,1385,2000
1543,1385,2000
1543,1385,1750
1497,1340,1750
1451,1296,2000
1460,1305,2000
1470,1314,2000
1484,1326,2000
1498,1339,2000
1504,1344,2000
1510,1350,2000
1518,1349,2000
1527,1348,2000
1531,1344,2000
1534,1340,2000
1536,1338,2000
1538,1336,2000
1526,1324,2000
1514,1311,2000
1503,1301,2000
1492,1292,2000
1484,1282,2000
1477,1273,2000
1504,1299,2000
1532,1325,2000
1537,1323,2000
1542,1322,2000
1545,1324,2000
1548,1326,2000
1533,1310,2000
1518,1294,2000
1507,1283,2000
1496,1272,2000
1488,1263,2000
1479,1254,2000
1447,1253,2000
1413,1258,1750
1404,1252,1750
1396,1246,2000
1387,1235,2000
1379,1224,2000
1366,1214,2000
1354,1205,2000
1345,1196,2000
1336,1186,2000
1324,1176,2000
1312,1166,2000
1341,1192,2000
1370,1219,2000
1372,1214,2000
1374,1208,2000
1375,1203,2000
1377,1198,2000
1378,1195,2000
1379,1191,2000
1378,1184,2000
1377,1177,2000
1378,1173,2000
1378,1169,2000
1379,1161,2000
